// first data 5
500 288
600 318
700 416
800 508
900 556
1000 591
1100 643
1200 685
1300 738
1400 871
1500 1019
1600 1013
1700 1002
1800 962
1900 927
2000 952
2100 992
2200 1032
2300 1053
2400 1100
2500 1118
2600 1185
2700 1303
2800 1402
2900 1502
3000 1605
3100 1683
3200 1721
3300 1817
3400 1808
3500 1854
3600 1874
3700 1944
3800 1992
3900 1991
4000 2020
=============================================================================================
second data 5
500 230
600 252
700 335
800 419
900 429
1000 457
1100 496
1200 524
1300 571
1400 688
1500 779
1600 844
1700 876
1800 913
1900 966
2000 979
2100 1061
2200 1060
2300 1104
2400 1176
2500 1302
2600 1279
2700 1343
2800 1454
2900 1891
3000 1832
3100 1754
3200 2371
3300 2036
3400 1857
3500 2028
3600 2026
3700 2012
3800 2288
3900 2341
4000 2433
==========================================================================================
third data 5
500 206
600 231
700 313
800 380
900 414
1000 441
1100 477
1200 591
1300 737
1400 738
1500 780
1600 808
1700 843
1800 879
1900 938
2000 1013
2100 994
2200 1031
2300 1057
2400 1093
2500 1117
2600 1190
2700 1295
2800 1516
2900 1758
3000 1609
3100 1688
3200 1789
3300 1766
3400 1807
3500 1885
3600 1875
3700 1914
3800 1958
3900 1994
4000 2025
============================================================================================
first data 10
500 224
600 265
700 356
800 403
900 434
1000 467
1100 514
1200 553
1300 676
1400 857
1500 828
1600 751
1700 784
1800 746
1900 818
2000 761
2100 801
2200 836
2300 873
2400 924
2500 933
2600 1058
2700 1208
2800 1282
2900 1342
3000 1382
3100 1342
3200 1480
3300 1475
3400 1498
3500 1622
3600 1634
3700 1679
3800 1739
3900 1616
4000 1670
===========================================================================================
second data 10
500 165
600 184
700 261
800 289
900 318
1000 343
1100 376
1200 409
1300 454
1400 554
1500 631
1600 645
1700 662
1800 806
1900 725
2000 748
2100 796
2200 851
2300 853
2400 893
2500 921
2600 993
2700 1093
2800 1196
2900 1247
3000 1273
3100 1311
3200 1360
3300 1384
3400 1420
3500 1496
3600 1496
3700 1531
3800 1568
3900 1592
4000 1633
===============================================================================================
third data 10
500 161
600 186
700 264
800 291
900 329
1000 350
1100 382
1200 414
1300 461
1400 568
1500 601
1600 633
1700 674
1800 697
1900 795
2000 829
2100 801
2200 843
2300 866
2400 952
2500 950
2600 995
2700 1104
2800 1222
2900 1271
3000 1293
3100 1337
3200 1363
3300 1414
3400 1444
3500 1514
3600 1494
3700 1677
3800 1722
3900 1714
4000 1649
================================================================================================
first data 20
500 207
600 265
700 324
800 363
900 380
1000 421
1100 471
1200 518
1300 615
1400 817
1500 850
1600 842
1700 799
1800 800
1900 726
2000 684
2100 734
2200 769
2300 921
2400 953
2500 966
2600 1010
2700 1078
2800 1046
2900 1168
3000 1196
3100 1185
3200 1186
3300 1319
3400 1316
3500 1362
3600 1441
3700 1428
3800 1656
3900 1653
4000 1615
=================================================================================
second data 20
500 141
600 195
700 314
800 284
900 320
1000 352
1100 390
1200 435
1300 482
1400 539
1500 557
1600 643
1700 668
1800 690
1900 750
2000 761
2100 819
2200 846
2300 936
2400 923
2500 928
2600 1002
2700 1128
2800 1137
2900 1183
3000 1243
3100 1346
3200 1308
3300 1383
3400 1399
3500 1464
3600 1471
3700 1442
3800 1465
3900 2070
4000 1803
=============================================================================
third data 20
500 146
600 174
700 226
800 282
900 313
1000 350
1100 418
1200 461
1300 482
1400 581
1500 625
1600 627
1700 667
1800 713
1900 762
2000 778
2100 831
2200 880
2300 927
2400 984
2500 995
2600 1070
2700 1139
2800 1285
2900 1264
3000 1293
3100 1341
3200 1370
3300 1426
3400 1399
3500 1488
3600 1488
3700 1577
3800 1547
3900 1557
4000 1498
=========================================================================
first data 50
500 212
600 282
700 325
800 384
900 393
1000 428
1100 487
1200 551
1300 617
1400 685
1500 762
1600 853
1700 757
1800 821
1900 829
2000 769
2100 780
2200 814
2300 850
2400 910
2500 958
2600 1019
2700 1064
2800 1122
2900 1190
3000 1242
3100 1308
3200 1388
3300 1211
3400 1256
3500 1325
3600 1354
3700 1403
3800 1499
3900 1491
4000 1547
======================================================================
second data 50
500 152
600 207
700 245
800 289
900 293
1000 321
1100 409
1200 463
1300 542
1400 701
1500 657
1600 642
1700 577
1800 626
1900 665
2000 699
2100 772
2200 813
2300 901
2400 1022
2500 1065
2600 1148
2700 1273
2800 1292
2900 1197
3000 1244
3100 1311
3200 1389
3300 1214
3400 1444
3500 1482
3600 1355
3700 1566
3800 1471
3900 1493
4000 1560
================================================================================
third data 50
500 152
600 191
700 245
800 289
900 290
1000 322
1100 366
1200 415
1300 466
1400 516
1500 668
1600 649
1700 581
1800 630
1900 669
2000 700
2100 767
2200 814
2300 851
2400 910
2500 954
2600 1026
2700 1065
2800 1123
2900 1184
3000 1247
3100 1309
3200 1381
3300 1222
3400 1264
3500 1367
3600 1364
3700 1407
3800 1463
3900 1499
4000 1551
=====================================================================
500 585
600 718
700 830
800 953
900 1040
1000 1097
1100 1519
1200 1185
1300 1196
1400 1283
1500 1392
1600 1480
1700 1667
1800 1672
1900 1757
2000 1846
2100 1962
2200 2074
2300 2442
2400 2285
2500 2354
2600 2465
2700 2714
2800 2661
2900 2758
3000 2980
3100 3135
3200 3048
3300 3150
3400 3258
3500 3365
3600 3445
3700 3732
3800 3683
3900 3820
4000 3816
====================================================================
500 433
600 548
700 642
800 741
900 927
1000 912
1100 1019
1200 1111
1300 1309
1400 1301
1500 1411
1600 1603
1700 1611
1800 1691
1900 1782
2000 2144
2100 1977
2200 2096
2300 2200
2400 2306
2500 2388
2600 2771
2700 2834
2800 2692
2900 2797
3000 2971
3100 3009
3200 3089
3300 3296
3400 3292
3500 3404
3600 3461
3700 4027
3800 3799
3900 3761
4000 3843
======================================================================
500 429
600 580
700 644
800 824
900 936
1000 1046
1100 1152
1200 1186
1300 1223
1400 1301
1500 1394
1600 1487
1700 1584
1800 1679
1900 1834
2000 2188
2100 2167
2200 2359
2300 2152
2400 2279
2500 2370
2600 2513
2700 2909
2800 2683
2900 2746
3000 3085
3100 2976
3200 3088
3300 3269
3400 3245
3500 3379
3600 3423
3700 3787
3800 3896
3900 3736
4000 3802

